      TSLCRT-2022 – P W T OF SCT PC CIVIL & OTHERS
                        FINAL KEY
  Question Paper Booklet                Question Paper Booklet                   Question Paper Booklet
 Codewise Correct Answer               Codewise Correct Answer                  Codewise Correct Answer
Q No.   A      B      C      D       Q No.    A         B       C      D       Q No.    A      B      C        D
 1      1      4       3      3       36       1        3       2       1                            1,2,3,
                                                                                69      3      2               4
 2      4      4       3      2       37       3        3       4       3                             4,0
 3      4      3       2      3       38       3        4       2       4       70      2      2       4       3
 4      3      1       2      1       39       3        2       1       2       71      4      1       2       1
 5      1      3       4      4       40       2        2       3       2       72      4      3       4      4, 0
 6      2      2       4      2       41       2        2       2       2       73      4      4       3       3
 7      1      2       1      3       42       4        1       1       1       74      2      4       3       4
 8      3      1       2      3       43       4        1       1       4       75      4      2       2       2
  9     2      3       2      3       44       2        1       2       3       76     4, 0    1       3       3
 10     3      3       1      2       45       1        1       4       3       77      2      3       4       2
 11     3      2       3      2       46       2        1       2       3       78      2      1       1       3
 12     3      2       3      3       47       3        1       3       1       79      3      1       3       3
 13     2      3       1      1       48       3        4       3       1       80      4     2, 0     2       3
 14     2      1       2      2       49       4        4       4       4       81      2      4       2       2
 15     2      1       3      4       50       2        3       1       2       82      2      4       1       2
 16     2      3       3      3                       1,2,3,                    83      2      4       3       2
                                      51     3, 0               1       2
 17     1      3       3      1                        4, 0                     84      4      3       3       1
 18     3      3       3      3       52       1        4       1     3, 0      85      4      4       4       1
 19     3      2       1      2       53       3      3, 0      3       4       86      3      2       2      4, 0
 20     3      2       2      1       54       4       1       4, 0     3       87      2      3       4       3
 21     1      1       2      1                                       1,2,3,    88      1     3, 0     2       1
                                      55       4        3       2
 22     2      1       2      2                                        4, 0     89      1      3       3       4
 23     1      2       3      1              1,2,3,                             90      2      1       2       3
                                      56                4       4       2
                                              4,0                               91      3      2       2       1
 24     2      2       1      3
                                      57       3      4, 0      3       1       92      3      2       1       2
 25     3      3       1      2
                                      58       2        4       4       4       93      3      4       3       4
 26     2      2       4      4
                                      59       4        2       2       4       94      1      2       3       3
 27     4      3       3      3
                                      60       2        2       2       2       95      1      3       3       3
 28     2      2       1      1
                                      61       3        3       3       2       96      3      2       2       2
 29     1      1       2      2
                                      62       3        4      3, 0     3       97      3      1       4       3
 30     1      2       3      1
                                      63       3        3       4       2       98      2      2       3       1
 31     2      3       1      1
                                      64       4        2       4       3       99      1      3       4       3
 32     1      3       3      2
                                      65       2        4       3       4      100      1      4       2       2
 33     1      2       2      3
                                      66       2        3       4       4      101      4      2       4       3
 34     1      4       1      2
                                      67       1        3       2       3      102      1      1       2       2
 35     3      2       2      2
                                      68     4, 0       4       4       4

0 in Correct Answers implies that all the Candidates who did not choose any Option will also be awarded Marks
      TSLCRT-2022 – P W T OF SCT PC CIVIL & OTHERS
                        FINAL KEY
  Question Paper Booklet                   Question Paper Booklet                    Question Paper Booklet
 Codewise Correct Answer                  Codewise Correct Answer                   Codewise Correct Answer
Q No.    A         B       C       D     Q No.    A       B       C        D       Q No.   A    B       C      D
103       2        2       4       4     136      1      4, 0      2        3      169     4    1       2      1
104       1        2       4       4     137      1       2        3        2      170     4    3       1      4
105       2        1      4, 0     4     138     2, 0     1        3       3       171     2    2       3      4
106       4        3       2       3     139      4       3        2      3, 0     172     2    3       2      2
107       1        4       1       2     140      3       4        4        4      173     2    1       1      1
108       1        4       3       4     141      1       4        3        3      174     4    3       1      2
109       2        1       4       2     142      3       1        1        3      175     3    1       3      1
110       3        4      3, 0     1     143      3       4        2        4      176     3    3       4      4
111       2        2       1       1     144     3, 0     4        2        4      177     2    2       3      3
112     1,4,0      4       3       2     145      3       1        4        1      178     4    2       4      4
113       4        3       3       3     146      2      1,4,0     1        3      179     1    1       3      4
114       3        3       2       3     147      4       3        1        3      180     3    3       1      1
115       4        4       4       4     148      2       4        4        2      181     1    2       3      1
116       4        1       1       1     149      4       3        2        2      182     3    1       4      4
117       4        3       1       4     150      1       1        2        1      183     2    4       3      2
                          1, 3,                                           1, 3,    184     3    3       1      4
118       1        2               2     151      2       2        2
                            0                                               0      185     2    1       2      3
119       2        4       4       4     152      4       1        2        1                  1, 3,
                                                                                   186     4            4      2
                 1,2,3,                  153      1       1        3        4                    0
120       3                1       3
                  4,0                    154      4       2        4        4      187     4    1       1      1
121       1        1       4       4     155      4       3        1      1,4,0    188     2    1       4      2
122       1        4       2       2     156      4       2        3        1      189     4    4       3      2
123       4        3       3       1     157      3       3        1        3      190     3    3      2, 0    1
124       1        2       3       2             1, 3,           1,2,3,            191     1    3       1      1
                                         158              3                 3
125       3        3       1       3               0              4,0              192     1    1       4      2
126       2        4       2       4     159      1       2        3        4      193     3    4       1      1
127       3        2       1      2, 0   160      1       2        4        4      194     1    4      1,4,0   1
128       3        3       4       1     161      3       2        4        1      195     4    1        3     4
        1,2,3,                                                            1,2,3,   196     3    4       4      3
129                2       1       3     162      3       3        1
         4,0                                                               4,0     197     1    3       2      2
130       2        4       1       3     163      2       1        1        2      198     2    1       2      3
131       4        4       4       4     164      4       2        3        2      199     1    2       1      1
132       1        1       1       2     165      1       1        2        1      200     3    1       2      1
133       1        1       3       3     166      3       3        2        1
134       2        4       1       1     167      1       2        1        1
135       2        3       1       1     168      3       2        3        2


0 in Correct Answers implies that all the Candidates who did not choose any Option will also be awarded Marks
