  TSLCRT-2022 – F W E OF SCT PC AND/OR EQUIV POSTS
     GENERAL STUDIES PAPER – PRELIMINARY KEY

  Question Paper Booklet           Question Paper Booklet          Question Paper Booklet
 Codewise Correct Answer          Codewise Correct Answer         Codewise Correct Answer
Q No. A     B     C      D      Q No. A       B     C        D   Q No. A    B    C    D
 1     4     1     2     1        35     1     3     1       1    69   1    4     3    3
 2    1      1     D     1        36     2     3     1       4    70   4    4     2    4
 3    D      1     1     1        37     4     2     4       2    71   3    4     3    3
 4    1      2     1     D        38     4     2     2       4    72   2    4     3    2
 5    1      1     1     2        39     3     4     3       2    73   D    3     3    2
 6    D      3     1     1        40     4     3     1       3    74   4    3     4    3
 7    4     1      1     2        41     1     2     2       4    75   2    1     1    4
 8    1     2      1     1        42     3     4     1       2    76   4    2     3    2
 9    1     1      1     1        43     2     1     1       3    77   4    2     1    1
 10   1     D      1     D        44     2     4     2       2    78   3    4     4    4
 11   2     4      D     D        45     3     4     2       3    79   3    3     2    1
 12   1     1      4     1        46     4     4     4       4    80   1    4     4    4
 13   1     1      1     1        47     3     1     2       4    81   4    D     1    3
 14   1     D      D     4        48     2     2     3       1    82   2    3     3    4
 15   2     4      1     1        49     4     4     3       3    83   1    1     4    4
 16   D     1      2     1        50     2     4     4       1    84   4    2     1    3
 17    1    1      1     4        51     2     3     3       3    85   4    3     2    1
 18    1    1      3     1        52     2     4     3       1    86   4    2     3    2
 19    3    D      4     1        53     1     4     2       2    87   2    3     1    4
 20    1    1      1     3        54     2     2     2       3    88   1    2     2    3
 21    1    1      1     1        55     1     4     4       3    89   3    2     1    4
 22    1    1      1     1        56     2     3     1       2    90   2    4     2    1
 23    3    3      3     1        57     4     4     4       3    91   3    2     3    2
 24    1    3      3     3        58     4     4     4       2    92   2    1     1    2
 25    3    1      1     3        59     4     4     2       D    93   3    4     1    4
 26    4    2      3     4        60     3     4     4       1    94   2    3     3    4
 27    1     1     2     3        61     2     1     4       4    95   3    1     3    1
 28    2     2     4     2        62     4     2     2       3    96   2    3     1    3
 29    1     1     4     1        63     3     3     4       3    97   2    2     4    2
 30    1     3     4     4        64     4     2     4       1    98   4    3     4    3
 31    2     3     3     1        65     2     3     3       4    99   3    2     1    3
 32    4     3     4     2        66     3     1     4       3   100   1    4     4    3
 33    3     1     3     3        67     2     2     2       2   101   3    3     2    2
 34    3     2     2     2        68     2     1     2       2   102   4    2     4    2


D = Deleted Question ➔ All Candidates will be awarded Mark
  TSLCRT-2022 – F W E OF SCT PC AND/OR EQUIV POSTS
     GENERAL STUDIES PAPER – PRELIMINARY KEY

  Question Paper Booklet           Question Paper Booklet          Question Paper Booklet
 Codewise Correct Answer          Codewise Correct Answer         Codewise Correct Answer
Q No. A     B     C      D      Q No. A       B     C        D   Q No. A    B    C    D
103    3     3     3     2        137    2     1     4       4   171   2    3     3    3
104    3     3     4     3        138    4     4     2       4   172   1    1     2    1
105    4     3     2     4        139    4     1     4       4   173   2    3     1    4
106    2     3     3     4        140    1     1     3       3   174   3    2     3    1
107    4     4     2     1        141    4     1     2       1   175   4    3     1    1
108    4     4     3     4        142    3     2     1       1   176   1    1     4    4
109    3     2     D     3        143    3     3     2       3   177   2    2     2    2
110    3     3     3     3        144    2     1     4       1   178   1    1     1    4
111    3     1     2     2        145    3     4     1       4   179   3    1     3    1
112    1     4     3     4        146    2     3     4       4   180   3    4     4    3
113    4     4     4     2        147    1     2     4       2   181   4    4     1    4
114    3     4     4     4        148    1     2     2       1   182   2    4     1    1
115    4     2     1     3        149    4     2     2       4   183   2    1     1    1
116    3     4     3     4        150    1     4     1       4   184   4    2     4    2
117    4     3     3     4        151    1     2     1       2   185   2    4     4    2
118    1     2     2     1        152    2     1     3       2   186   1    4     2    2
119    1     2     2     3        153    3     4     4       3   187   2    2     4    3
120    2     4     3     2        154    3     1     1       2   188   4    3     1    4
121    4     4     1     4        155    2     4     1       2   189   1    1     3    2
122    3     2     3     4        156    3     3     3       3   190   1    3     1    3
123    1     1     4     4        157    2     4     2       1   191   3    3     3    4
124    1     3     1     1        158    4     1     4       4   192   2    4     2    3
125    2     4     3     1        159    4     3     2       2   193   3    1     3    2
126    1     2     4     1        160    1     2     1       3   194   4    1     4    4
127    4     3     4     1        161    4     1     3       2   195   1    4     1    3
128    4     3     4     2        162    1     3     4       1   196   2    3     2    1
129    4     4     2     2        163    4     4     4       4   197   1    1     4    4
130    3     1     2     2        164    3     3     4       3   198   4    1     2    2
131    3     1     2     3        165    2     2     3       1   199   4    2     3    2
132    2     1     4     4        166    4     4     2       3   200   4    2     3    4
133    1     2     1     2        167    3     2     3       4
134    2     2     4     2        168    1     4     2       1
135    3     2     2     4        169    1     4     2       3
136    3     3     2     1        170    4     2     4       1


D = Deleted Question ➔ All Candidates will be awarded Mark
