      TSLCRT-2022 – F W E OF SCT SI CIVIL & OTHERS
         GENERAL STUDIES – PRELIMINARY KEY

  Question Paper Booklet           Question Paper Booklet          Question Paper Booklet
 Codewise Correct Answer          Codewise Correct Answer         Codewise Correct Answer
Q No. A     B     C      D      Q No. A       B     C        D   Q No. A    B    C    D
 1     4     4     1     4        35     3     4     1       1    69   3    2     2    1
 2     4     3     2     1        36     1     1     4       4    70   3    4     2    4
 3     2     4     4     2        37     1     4     4       4    71   4    2     3    3
 4     1     3     4     1        38     3     4     2       2    72   3    1     3    4
 5     3     1     1     2        39     3     4     2       3    73   1    1     1    4
 6     2     1     3     2        40     4     4     1       1    74   1    2     1    3
 7    D     1      2     4        41     4     3     1       3    75   4    4     4    4
 8    1     2      1     1        42     2     3     2       2    76   4    2     3    1
 9    3     1      3     1        43     3     1     1       3    77   2    2     1    2
 10   2     1      3     1        44     2     1     2       3    78   3    4     1    3
 11   1     2      3     1        45     3     1     2       2    79   1    4     1    1
 12   4     1      3     2        46     3     3     1       3    80   1    3     1    2
 13   1     D      3     3        47     2     1     1       3    81   3    3     3    3
 14   1     2      3     1        48     4     2     1       1    82   1    1     4    4
 15   1     4      2     3        49     2     4     1       2    83   3    1     2    3
 16   1     3      2     2        50     1     2     4       3    84   D    D     3    1
 17    1     3     4     1        51     2     4     1       3    85   1    3    3     1
 18    2     2     2     4        52     2     3     3       4    86   4    3    4     1
 19    1     4     1     1        53     2     4     1       4    87   3    3    2     1
 20    2     1     4     D        54     2     1     1       4    88   4    2    2     3
 21    2     3     D     1        55     2     2     3       2    89   4    1    4     1
 22    4     1     4     1        56     2     2     4       2    90   1    3    2     1
 23    1     1     1     4        57     3     4     3       2    91   1    4    D     1
 24    1     3     4     2        58     2     1     3       2    92   2    1    1     4
 25    1     1     3     1        59     1     1     3       2    93   2    3    1     1
 26    4     2     1     4        60     1     3     2       D    94   4    1    4     2
 27    3     2     1     4        61     3     1     4       3    95   3    4     1    3
 28    4     1     1     1        62     1     2     2       4    96   2    1     4    3
 29    2     1     3     1        63     4     2     1       1    97   4    4     2    4
 30    1     2     4     4        64     1     4     2       1    98   3    4     1    3
 31    4     2     3     2        65     1     1     2       4    99   1    1     3    2
 32    1     2     1     3        66     4     3     4       1   100   4    3     4    3
 33    3     3     2     1        67     4     3     4       2   101   3    2     4    4
 34    1     1     1     4        68     3     2     4       2   102   1    3     2    2


D = Deleted Question ➔ All Candidates will be awarded Mark
      TSLCRT-2022 – F W E OF SCT SI CIVIL & OTHERS
         GENERAL STUDIES – PRELIMINARY KEY

  Question Paper Booklet           Question Paper Booklet          Question Paper Booklet
 Codewise Correct Answer          Codewise Correct Answer         Codewise Correct Answer
Q No. A     B     C      D      Q No. A       B     C        D   Q No. A    B    C    D
103    2     1     3     2        137    1     3     3       1   171   3    D     1    D
104   1     D      3     3        138    3     4     3       3   172   4    1     1    3
105   D     3      1     3        139    3     1     2       1   173   4    2     1    4
106   1     2      2     1        140    1     1     1       3   174   1    3     3    2
107   1     1      1     1        141    1     1     1       1   175   1    4     1    1
108   3     3      2     3        142    3     1     1       1   176   4    1     1    1
109    2     2     1     3        143    2     1     3       1   177   1    3     1    1
110    1     1     1     3        144    4     3     1       1   178   4    1     4    1
111    2     2     1     3        145    2     4     D       3   179   1    3     3    1
112    1     1     2     2        146    3     2     1       3   180   4    2     3    1
113    3     1     3     3        147    2     3     1       1   181   2    1     4    4
114    4     3     2     2        148    4     1     1       2   182   1    4     3    1
115    2     3     1     2        149    2     3     2       1   183   1    3     3    3
116    1     3     1     3        150    1     2     1       2   184   1    4     1    4
117    3     3     4     1        151    1     3     2       4   185   3    2     3    D
118    1     1     2     1        152    1     2     2       3   186   3    3     4    1
119    3     2     3     2        153    3     1     D       1   187   D    2     1    4
120    1     1     1     2        154    3     1     1       2   188   2    4     2    4
121    4     2     2     D        155    3     1     1       2   189   1    3     1    1
122    1     3     3     1        156    2     3     4       3   190   1    1     1    2
123    1     2     4     1        157    4     3     4       1   191   1    2     3    1
124    3     2     1     3        158    2     1     D       3   192   1    4     1    1
125    2     4     2     3        159    1     1     1       4   193   2    4     3    3
126    1     4     3     2        160    3     3     4       3   194   1    1     1    4
127    2     1     3     2        161    3     4     1       3   195   4    4     3    3
128    1     3     2     1        162    4     3     4       1   196   2    1     4    1
129    2     1     3     1        163   3      1     1       2   197   1    1     2    1
130    3     1     2     3        164   2      4     4       1   198   3    1     2    1
131    3     1     2     1        165   1      3     2       3   199   4    1     2    2
132    2     2     4     2        166   1      1     3       3   200   3    D     4    3
133    3     2     3     4        167   1      2     1       4
134    3     3     3     2        168   4      1     1       2
135    2     3     3     4        169   D      1     3       1
136    3     2     3     4        170   3      4     3       4


D = Deleted Question ➔ All Candidates will be awarded Mark
