Telangana
Police SI

Previous Year Paper
2018 Mains Paper 2
Question Paper

TSLPRBT – 2018 – SCT SI CIVIL – FWE
GENERAL STUDIES – FINAL KEY
Question Paper Booklet
Codewise Correct Answer

Question Paper Booklet
Codewise Correct Answer

Question Paper Booklet
Codewise Correct Answer

Q No.

A

B

C

D

Q No.

A

B

C

D

Q No.

A

B

C

D

1
2

2
3

4
3

4
2

2
1

35
36

2
4

4
2

1
1

4
1

69
70

3
3

1
1

1
4

4
3

3
4
5
6
7
8
9
10
11
12
13
14
15
16
17

1
4
2
4
1
4
3
2
1
1
1
3
1
2
3

2
1
4
4
4
2
4
1
2
2
1
4
3
1
3

4
4
2
4
3
2
2
4
1
4
2
3
2
4
2

3
3
1
3
4
2
1
3
1
2
1
4
3
2
2

37
38
39
40
41
42
43
44
45
46
47
48
49
50
51

4
4
2
3
4
2
2
1
3
2
2
2
2
3
3

2
3
1
1
1
1
3
2
2
3
4
2
2
4
3

2
3
1
1
2
2
4
3
3
4
1
3
3
4
2

2
3
2
2
1
4
2
2
3
1
1
3
1
3
2

71
72
73
74
75
76
77
78
79
80
81
82
83
84
85

3
3
4
3
3
4
2
2
2
1
3
4
2
3
2

3
4
2
1
2
1
2
4
4
3
3
2
3
2
1

3
2
2
3
2
1
4
1
1
1
4
3
4
2
1

4
1
4
3
2
3
4
4
4
4
1
4
1
4
3

18
19
20
21
22
23
24
25
26
27
28
29
30
31
32
33
34

2
1
3
4
2
2
2
4
2
1
4
2
4
3
1
1
2

1
1
3
1
4
1
3
1
2
4
3
1
3
3
1
1
1

3
4
1
3
3
3
3
1
1
4
4
3
1
4
4
4
4

2
4
2
3
4
2
4
3
1
3
3
1
3
4
1
4
4

52
53
54
55
56
57
58
59
60
61
62
63
64
65
66
67
68

4
3
3
4
1
2
1
1
4
3
2
3
4
2
1
2
3

1
4
4
1
2
4
3
1
3
2
3
2
2
3
2
2
1

2
4
2
4
3
1
1
2
4
4
4
4
3
1
2
1
4

4
4
1
3
3
3
3
3
3
3
4
3
4
1
1
2
2

86
87
88
89
90
91
92
93
94
95
96
97
98
99
100
101
102

3
4
4
1
1
3
3
2
1
2
D
3
4
1
2
2
1

1
2
2
1
4
4
2
3
4
3
1
3
4
2
1
1
3

1
1
1
1
2
4
2
4
3
1
4
3
3
2
3
3
4

3
3
4
1
2
4
3
2
2
1
2
2
3
D
4
4
3

TSLPRBT – 2018 – SCT SI CIVIL – FWE
GENERAL STUDIES – FINAL KEY
Question Paper Booklet
Codewise Correct Answer

Question Paper Booklet
Codewise Correct Answer

Question Paper Booklet
Codewise Correct Answer

Q No.

A

B

C

D

Q No.

A

B

C

D

Q No.

A

B

C

D

103
104

4
1

4
4

D
1

2
3

137
138

3
3

1
1

2
1

2
3

171
172

2
3

3
2

1
2

2
4

105
106
107
108
109
110
111
112
113
114
115
116
117
118
119

3
4
1
3
2
4
2
4
2
3
2
1
1
1
4

2
1
4
4
3
1
4
1
D
2
2
4
1
1
2

1
4
4
4
1
2
3
1
2
3
2
3
2
3
1

4
1
2
3
1
2
1
2
4
2
4
3
1
1
3

139
140
141
142
143
144
145
146
147
148
149
150
151
152
153

4
4
3
3
2
2
1
4
3
1
4
2
3
3
4

3
1
2
4
1
3
2
4
4
1
4
2
4
3
2

3
4
4
3
1
3
2
4
4
1
4
4
3
4
1

3
3
4
1
3
3
4
4
4
4
1
1
3
3
2

173
174
175
176
177
178
179
180
181
182
183
184
185
186
187

2
3
3
2
2
3
2
3
2
4
4
2
3
4
1

1
3
1
4
2
3
2
2
2
2
2
4
2
2
4

3
1
1
1
1
3
1
1
3
1
1
1
2
4
1

4
2
4
4
4
1
3
4
4
3
4
3
4
3
3

120
121
122
123
124
125
126
127
128
129
130
131
132
133
134
135
136

1
3
1
2
4
1
3
1
2
2
2
3
4
2
2
3
3

3
2
3
1
1
1
1
2
2
2
2
3
3
2
2
4
3

4
1
1
1
1
2
2
1
1
2
4
4
3
4
1
3
2

3
4
4
3
3
2
1
4
2
1
3
4
2
3
1
2
4

154
155
156
157
158
159
160
161
162
163
164
165
166
167
168
169
170

4
3
1
2
1
3
2
3
2
1
2
2
1
2
2
2
2

2
1
4
1
4
1
2
4
1
1
1
1
1
1
3
2
2

4
4
4
4
3
4
4
4
1
1
2
2
1
3
4
3
1

3
3
3
3
4
1
4
4
2
1
2
4
3
3
4
3
2

188
189
190
191
192
193
194
195
196
197
198
199
200

3
3
3
3
1
3
3
1
3
3
4
2
3

1
2
2
3
1
2
2
1
2
2
1
1
1

1
4
1
4
4
4
4
1
1
4
2
4
2

4
3
3
1
4
1
3
1
2
4
4
4
4

D = Deleted Question – All the
Candidates will be awarded
Mark

