                                    TSLPRBT-PC-FWE-2015
Q.No    Set A     Set B     Set C      Set D Q.No Set A      Set B     Set C     Set D
  1       3          1         2         3   101       2        4         4         2
  2       2          3         3         3   102       1        1         1         1
  3       1          2         2         2   103       4        3         3         4
  4       2          4         3         4   104       2        2         3         1
  5       3          3         3         3   105       4        3         2         1
  6       3          2         2         1   106       4        1         3         2
  7       2          3         1         3   107       4        2         1         3
  8       4          2         2         2   108       3        4         2         4
  9       3          3         3         4   109       1        1         1         1
 10       1          2         3         3   110       2        3         1         2
 11       3          3         2         2   111       2        4         2         3
 12       2          3         4         3   112       4        1         1         1
 13       4          2         3         2   113       3        3         4         2
 14       3          1         1         3   114       3        3         1         1
 15       2          2         3         2   115       2        2         1         2
 16       3          3         2         3   116       1        3         2         2
 17       2          3         4         3   117       2        1         3         1
 18       3          2         3         2   118       4        2         4         4
 19       2          4         2         1   119       2        1         1         2
 20       3          3         3         2   120       2        1         2         4
 21       1          2         1         2   121       4        2         3         4
 22       3          4         3         4   122       1        1         1         4
 23       4          4         4         4   123       3        4         2         3
 24       3          2         3         2   124       2        1         1         1
 25       2          1         2         1   125       3        1         2         2
 26       4          3         4         3   126       1        2         2         2
 27       4          1         4         1   127       2        3         1         4
 28       2          3         2         3   128       4        4         4         3
 29       1          4         1         4   129       1        1         2         3
 30       3          3         3         3   130       3        2         4         2
 31       4          2         2         2   131       4        3         4         1
 32       4          2         2         1   132       1        1         4         2
 33       3          2         1         1   133       3        2         3         4
 34       1          3         1         2   134       3        1         1         2
 35       2          1         1         3   135       2        2         2         2
 36       1          3         3         4   136       3        2         2         4
 37       4          4         2         3   137       1        1         4         1
 38       3          2         4         4   138       2        4         3         3
 39       1          3         4         2   139       1        2         3         2
 40       3          3         3         1   140       1        4         2         3
 41       2          2         2         4   141       2        4         1         1
 42       4          2         1         3   142       1        4         2         2
 43       3          1         1         3   143       4        3         4         4
 44       4          1         2         4   144       1        1         2         1
 45       2          1         3         3   145       1        2         2         3
 46       3          3         4         4   146       2        2         4         4
 47       4          2         3         3   147       3        4         1         1
 48       1          4         4         2   148       4        3         3         3
 49       3          4         2         2   149       1        3         2         3
 50       4          3         1         2   150       2        2         3         2
Q.No Set A      Set B     Set C     Set D    Q.No Set A    Set B     Set C     Set D
 51      1          2         4         3    151      3        1         1         3
 52      3          1         3         2    152      1        2         2         1
53    2   1   3   4   153   2   4   4   2
54    1   2   4   2   154   1   2   1   1
55    4   3   3   1   155   2   2   3   1
56    2   4   4   4   156   2   2   1   1
57    2   3   3   4   157   1   2   3   2
58    2   4   2   3   158   1   2   2   1
59    3   2   2   1   159   1   1   3   4
60    1   1   2   2   160   2   3   1   2
61    3   4   3   1   161   3   2   4   3
62    4   3   2   4   162   2   1   3   4
63    2   3   4   3   163   1   2   3   1
64    3   4   2   1   164   2   4   4   2
65    3   3   1   3   165   4   4   3   3
66    2   4   4   2   166   2   1   1   3
67    2   3   4   4   167   2   3   2   2
68    1   2   3   3   168   2   2   1   2
69    1   2   1   4   169   1   3   4   1
70    1   2   2   2   170   3   1   2   4
71    3   3   1   3   171   2   4   3   2
72    2   2   4   4   172   1   3   4   1
73    4   4   3   1   173   2   3   1   1
74    4   2   1   3   174   4   4   2   1
75    3   1   3   4   175   4   3   3   2
76    2   4   2   1   176   1   1   3   3
77    1   4   4   3   177   3   2   2   2
78    1   3   3   2   178   2   1   2   1
79    2   1   4   1   179   3   4   1   2
80    3   2   2   4   180   1   2   4   4
81    4   1   3   2   181   4   3   2   2
82    3   4   4   2   182   3   4   1   2
83    4   3   1   2   183   3   1   1   2
84    2   1   3   3   184   4   2   1   1
85    1   3   4   1   185   3   3   2   3
86    4   2   1   3   186   1   3   3   2
87    3   4   3   4   187   2   2   2   1
88    3   3   2   2   188   1   2   1   2
89    4   4   1   3   189   4   1   2   4
90    3   2   4   3   190   2   4   4   4
91    4   3   2   2   191   3   2   2   1
92    3   4   2   2   192   4   1   2   3
93    2   1   2   1   193   1   1   2   2
94    2   3   3   1   194   2   1   1   3
95    2   4   1   1   195   3   2   3   1
96    3   1   3   3   196   3   3   2   4
97    2   3   4   2   197   2   2   1   3
98    4   2   2   4   198   2   1   2   3
99    2   1   3   4   199   1   2   4   4
100   1   4   3   3   200   4   4   4   3
