                TSLPRBT-PC (Comm.)-FWE-2016 - Preliminary Key
Q.No   SET-A   SET-B SET-C SET-D Q.No SET-A SET-B               SET-C   SET-D
 1      2       2        3       3      51       1       2       2       2
 2      1       2        4       1      52       1       4       1       1
 3      1       4        3       1      53       4       4       3       3
 4      3       4        2       4      54       3       2       3       4
 5      4       1        2       4      55       1       1       4       4
 6      3       1        3       3      56       3       1       1       1
 7      3       2        1       4      57       4       4       1       4
 8      2       1        1       2      58       2       2       2       1
 9      1       3        4       4      59       3       3       2       1
 10     2       1        4       1      60       1       4       4       3
 11     4       3        3       3      61       2       2       2       3
 12     3       4        4       1      62       4       1       1       2
 13     1       3        2       2      63       4       3       3       1
 14     2       2        4       2      64       2       3       4       3
 15     1       2        1       2      65       1       4       4       3
 16     2       3        3       2      66       1       1       1       1
 17     4       1        1       1      67       4       1       4       4
 18     1       1        2       1      68       2       2       1       3
 19     3       4        2       3      69       3       2       1       3
 20     3       4        2       4      70       4       4       3       4
 21     2       3        2       3      71       2       2       3       1
 22     2       4        1       3      72       1       1       2       1
 23     4       2        1       2      73       3       3       1       4
 24     4       4        3       1      74       3       4       3       3
 25     1       1        4       2      75       4       4       3       1
 26     1       3        3       4      76       1       1       1       3
 27     2       1        3       3      77       1       4       4       4
 28     1       2        2       1      78       2       1       3       2
 29     3       2        1       2      79       2       1       3       3
 30     1       2        2       1      80       4       3       4       1
 31     3       2        4       2      81       2       3       1       2
 32     4       1        3       4      82       1       2       1       4
 33     3       1        1       1      83       3       1       4       4
 34     2       3        2       3      84       4       3       3       2
 35     2       4        1       3      85       4       3       1       1
 36     3       3        2       2      86       1       1       3       1
 37     1       3        4       2      87       4       4       4       4
 38     1       2        1       4      88       1       3       2       2
 39     4       1        3       4      89       1       3       3       3
 40     4       2        3       1      90       3       4       1       4
 41     3       4        2       1      91       3       1       2       2
 42     4       3        2       2      92       2       1       4       1
 43     2       1        4       1      93       1       4       4       3
 44     4       2        4       3      94       3       3       2       3
 45     1       1        1       1      95       3       1       1       4
 46     3       2        1       3      96       1       3       1       1
 47     1       4        2       4      97       4       4       4       1
 48     2       1        1       3      98       3       2       2       2
 49     2       3        3       2      99       3       3       3       2
 50     2       3        1       2      100      4       1       4       4
Q.No   SET-A   SET-B   SET-C   SET-D   Q.No   SET-A   SET-B   SET-C   SET-D
101      2       3       1       4     151      2       2       2       4
102      1       2       4       1     152      1       1       1       3
103      2       2       3       4     153      3       3       1       1
104      3       1       4       2     154      4       4       3       2
105      4       4       3       3     155      2       2       3       4
106      2       3       1       4     156      1       1       3       2
107      1       2       2       1     157      3       3       1       1
108      1       3       4       1     158      4       2       2       3
109      1       3       4       4     159      4       1       3       4
110      3       2       3       4     160      2       2       1       4
111      2       1       4       2     161      2       2       4       1
112      3       4       1       1     162      1       1       3       2
113      3       3       4       2     163      1       1       1       3
114      2       4       2       3     164      3       3       2       1
115      2       3       3       4     165      4       3       4       2
116      3       1       4       2     166      2       3       2       2
117      1       2       1       1     167      1       1       1       1
118      4       4       1       1     168      3       2       3       3
119      2       4       4       1     169      4       3       4       4
120      1       3       4       3     170      2       1       4       2
121      3       4       2       2     171      1       4       1       1
122      2       1       1       3     172      3       3       2       3
123      2       4       2       3     173      2       1       3       4
124      1       2       3       2     174      1       2       1       4
125      4       3       4       2     175      2       4       2       2
126      3       4       2       3     176      2       2       2       2
127      2       1       1       1     177      1       1       1       1
128      3       1       1       4     178      1       3       3       1
129      3       4       1       2     179      3       4       4       3
130      2       4       3       1     180      3       4       2       4
131      1       2       2       3     181      3       1       1       2
132      4       1       3       2     182      1       2       3       1
133      3       2       3       2     183      2       3       4       3
134      4       3       2       1     184      3       1       4       4
135      3       4       2       4     185      1       2       2       2
136      1       2       3       3     186      4       2       2       1
137      2       1       1       2     187      3       1       1       3
138      4       1       4       3     188      1       3       1       2
139      4       1       2       3     189      2       4       3       1
140      3       3       1       2     190      4       2       4       2
141      4       2       3       1     191      2       1       2       2
142      1       3       2       4     192      1       3       1       1
143      4       3       2       3     193      3       4       3       1
144      2       2       1       4     194      4       4       4       3
145      3       2       4       3     195      4       2       2       3
146      4       3       3       1     196      1       2       1       3
147      1       1       2       2     197      2       1       3       1
148      1       4       3       4     198      3       1       2       2
149      4       2       3       4     199      1       3       1       3
150      4       1       2       3     200      2       4       2       1
