TSLPRBT-SI-FWE-2016 - SI (Comm.) Preliminary Key
Q.No SET-A SET-B Q.No SET-A              SET-B
 1       3        3     51       1         2
 2       1        1     52       3         3
 3       2        4     53       2         3
 4       2        2     54       1         2
 5       2        2     55       4         3
 6       3        3     56       3         4
 7       4        2     57       3         3
 8       3        2     58       4         3
 9       1        1     59       3         1
 10      3        4     60       2         4
 11      2        2     61       2         1
 12      4        1     62       3         2
 13      1        3     63       3         1
 14      4        3     64       2         1
 15      4        2     65       3         1
 16      3        2     66       4         3
 17      4        3     67       3         4
 18      3        4     68       3         2
 19      3        2     69       1         2
 20      4        3     70       4         1
 21      3        3     71       1         2
 22      1        4     72       2         1
 23      4        3     73       1         4
 24      2        3     74       1         2
 25      2        1     75       1         2
 26      3        3     76       3         4
 27      2        3     77       4         3
 28      2        4     78       2         2
 29      1        2     79       2         1
 30      4        2     80       1         3
 31      2        3     81       2         4
 32      1        1     82       1         3
 33      3        2     83       4         3
 34      3        2     84       2         4
 35      2        2     85       2         2
 36      2        3     86       4         2
 37      3        4     87       3         2
 38      4        3     88       2         2
 39      2        1     89       1         4
 40      3        3     90       3         4
 41      3        2     91       4         1
 42      4        4     92       3         3
 43      3        1     93       3         2
 44      3        4     94       4         1
 45      1        4     95       2         4
 46      3        3     96       2         3
 47      3        4     97       2         3
 48      4        3     98       2         4
 49      2        3     99       4         3
 50      2        4     100      4         2
Q.No   SET-A   SET-B   Q.No   SET-A   SET-B
101      3       2     151      1       3
102      4       4     152      1       1
103      1       3     153      2       2
104      1       1     154      4       2
105      4       4     155      1       1
106      2       3     156      1       4
107      1       2     157      3       3
108      4       4     158      3       2
109      2       4     159      2       2
110      4       1     160      2       2
111      4       3     161      1       1
112      4       4     162      4       3
113      1       4     163      3       3
114      1       2     164      4       3
115      3       2     165      2       3
116      2       1     166      3       2
117      2       1     167      1       2
118      1       4     168      2       3
119      3       3     169      2       1
120      1       3     170      1       2
121      2       3     171      4       2
122      4       3     172      3       3
123      3       1     173      2       2
124      1       4     174      2       4
125      4       2     175      2       2
126      3       4     176      1       1
127      2       3     177      3       1
128      4       4     178      3       3
129      4       1     179      3       4
130      1       1     180      3       3
131      3       3     181      2       1
132      4       4     182      2       3
133      4       1     183      3       1
134      2       1     184      1       1
135      2       4     185      2       2
136      1       2     186      2       1
137      1       1     187      3       1
138      4       4     188      2       2
139      3       2     189      4       4
140      3       4     190      2       1
141      3       4     191      1       1
142      3       4     192      1       3
143      1       1     193      3       3
144      4       1     194      4       2
145      2       3     195      3       2
146      4       2     196      1       1
147      3       2     197      3       4
148      4       1     198      1       3
149      1       3     199      1       4
150      1       1     200      2       2
