              TELANGANA STATE PUBLIC SERVICE COMMISSION: HYDERABAD.
              GROUP-IV SERVICES EXAMINATION - NOTIFICATION NO. 19/2022
                 PAPER-1 - GENERAL STUDIES - FINAL MASTER KEY (22191)
 Q.No.    Answer Q.No. Answer Q.No. Answer Q.No. Answer Q.No.                              Answer
   1         4      31      1,2,3,4  61        3       91       2     121                     2
   2         4      32         1     62        4       92       1     122                     4
   3         4      33         3     63        3       93       3     123                     3
   4         2      34         1     64        3       94       2     124                     2
   5         2      35         4     65        4       95       3     125                     2
   6         4      36         3     66        4       96       4     126                     3
   7         3      37         1     67        4       97       2     127                     1
   8         4      38         4     68        3       98       3     128                     2
   9         3      39         1     69        1       99       4     129                     D
  10         2      40         2     70        1      100       3     130                     3
  11         D      41         1     71        4      101       4     131                     4
  12         1      42         1     72        3      102       2     132                     D
  13         2      43         4     73        D      103       3     133                     1
  14         2      44         3     74        2      104       4     134                     3
  15         3      45         2     75        3      105       4     135                     4
  16         3      46         4     76        1      106       4     136                     3
  17         4      47         1     77        1      107       3     137                     1
  18         1      48         2     78        2      108       2     138                     4
  19         4      49         1     79        4      109       2     139                    1,4
  20         3      50        1,2    80        1      110       2     140                     3
  21         D      51         3     81        1      111       4     141                     2
  22         4      52         1     82        2      112       3     142                     2
  23         4      53         3     83        2      113       3     143                     4
  24         1      54         1     84        3      114       4     144                     1
  25         2      55        2,3    85        1      115       3     145                     3
  26         3      56         4     86        1      116       3     146                     1
  27         2      57         3     87        2      117       3     147                     2
  28         4      58         1     88        4      118       3     148                     D
  29         1      59         2     89        3      119       4     149                     1
  30         2      60         D     90        3      120       3     150                     3

Deleted :          Q.No.11, 21, 60, 73, 129, 132 & 148.
Option Changed :   Q.No.19 (2 to 4), 31 (2 to 1,2,3,4), 40 (1 to 2), 50 (1 to 1,2),
                   55 (2 to 2,3), 64 (1 to 3), 128 (1 to 2) & 139 (1 to 1,4).
                                                                                         Sd/-
                                                                                      SECRETARY
